2301
2303
2308
2312
2313
2317
2323
2324
2327
2328
2329
2330
2331
2332
2337
2338
2340
2344
2345
2347
2352
2353
2354
2355
2356
2357
2360
2367
2368
2371
2376
2377
2379
2382
2383
2385
2388
2392
2393
2401
2404
2408
2409
2412
2421
2439
2441
2449
2454
2455
2457
2458
2474
2481
2485
2486
2489
2492
2498
2515
2520
2542
2548
2603
2605
2606
2609
2610
2615
2618
2633
2634
2801
2834
2880
2881
2882
2883
2884
2885
2886
2887
2890
2891
2892
2913
2915
3005
3006
3008
3017
3019
3034
3035
3036
3037
3042
3044
3045
3078
3081
3105
3152
3189
